unitid,year,totcohortsize,w_cohortsize,m_cohortsize,tot4yrgrads,m_4yrgrads,w_4yrgrads,women_gradrate_4yr
100654,2006,1133,584,549,110,29,81,13.87
100663,2006,1485,895,590,378,124,254,28.38
100751,2006,4275,2377,1898,1757,660,1097,46.15
100858,2006,4072,2168,1904,1556,549,1007,46.45
101435,2006,214,85,129,72,36,36,42.35
101480,2006,1106,626,480,106,23,83,13.26
101675,2006,352,159,193,15,3,12,7.55
101879,2006,1019,575,444,112,26,86,14.96
102049,2006,644,392,252,326,99,227,57.91
102094,2006,1355,777,578,190,55,135,17.37
102234,2006,345,226,119,189,62,127,56.19
102368,2006,1666,964,702,238,77,161,16.7
102377,2006,688,395,293,151,33,118,29.87
104151,2006,8533,4556,3977,2837,1145,1692,37.14
104179,2006,5788,3092,2696,2085,813,1272,41.14
105330,2006,2527,1488,1039,756,224,532,35.75
106245,2006,603,317,286,40,19,21,6.62
106342,2006,128,61,67,56,27,29,47.54
106397,2006,2719,1346,1373,945,398,547,40.64
106412,2006,688,340,348,55,18,37,10.88
106458,2006,1659,946,713,345,124,221,23.36
106467,2006,1426,711,715,234,83,151,21.24
106485,2006,630,335,295,71,28,43,12.84
106704,2006,2352,1340,1012,538,187,351,26.19
107044,2006,901,477,424,365,134,231,48.43
107080,2006,396,222,174,251,99,152,68.47
107141,2006,326,168,158,190,78,112,66.67
107512,2006,367,190,177,185,73,112,58.95
107558,2006,164,80,84,59,29,30,37.5
110097,2006,799,521,278,364,102,262,50.29
110404,2006,210,60,150,166,113,53,88.33
110422,2006,3761,1648,2113,1044,362,682,41.38
110486,2006,854,553,301,120,29,91,16.46
110495,2006,846,570,276,148,37,111,19.47
110510,2006,1774,1157,617,201,55,146,12.62
110529,2006,3138,1357,1781,341,128,213,15.7
110538,2006,2430,1326,1104,420,103,317,23.91
110547,2006,984,716,268,41,8,33,4.61
110556,2006,2528,1501,1027,344,108,236,15.72
110565,2006,3736,2262,1474,500,122,378,16.71
110574,2006,881,506,375,131,48,83,16.4
110583,2006,4334,2757,1577,550,175,375,13.6
110592,2006,1542,961,581,113,36,77,8.01
110617,2006,2590,1570,1020,263,79,184,11.72
113698,2006,263,193,70,100,18,82,42.49
115755,2006,966,550,416,132,46,86,15.64
119173,2006,345,336,9,76,1,75,22.32
120184,2006,134,93,41,51,15,36,38.71
121309,2006,537,342,195,352,118,234,68.42
121345,2006,378,190,188,337,162,175,92.11
122409,2006,4109,2458,1651,1309,382,927,37.71
122436,2006,1103,703,400,714,214,500,71.12
122597,2006,3117,2017,1100,418,128,290,14.38
122612,2006,1073,733,340,582,166,416,56.75
122931,2006,1340,740,600,1055,448,607,82.03
123554,2006,600,384,216,292,105,187,48.7
123572,2006,1513,1033,480,410,104,306,29.62
126562,2006,885,510,375,155,52,103,20.2
126580,2006,914,531,383,216,75,141,26.55
126614,2006,5606,2688,2918,2336,1016,1320,49.11
126818,2006,3825,2166,1659,1448,441,1007,46.49
127060,2006,1135,615,520,692,290,402,65.37
127185,2006,821,367,454,161,59,102,27.79
127565,2006,1711,925,786,102,33,69,7.46
127741,2006,2491,1442,1049,659,204,455,31.55
128106,2006,628,350,278,112,42,70,20
128744,2006,303,176,127,70,20,50,28.41
128771,2006,1282,603,679,272,117,155,25.7
129020,2006,3222,1631,1591,2148,962,1186,72.72
129242,2006,896,534,362,696,269,427,79.96
129941,2006,690,325,365,305,157,148,45.54
130253,2006,931,603,328,536,172,364,60.36
130314,2006,133,133,0,50,0,50,37.59
130493,2006,1516,987,529,262,54,208,21.07
130590,2006,608,294,314,466,229,237,80.61
130697,2006,716,352,364,624,316,308,87.5
130776,2006,843,413,430,167,64,103,24.94
130794,2006,1313,654,659,1169,578,591,90.37
130934,2006,818,463,355,126,37,89,19.22
130943,2006,3563,2127,1436,2175,777,1398,65.73
131159,2006,1385,923,462,1007,321,686,74.32
131283,2006,856,459,397,527,219,308,67.1
131450,2006,209,96,113,15,5,10,10.42
131469,2006,2440,1348,1092,1804,756,1048,77.74
131496,2006,1588,877,711,1419,630,789,89.97
131520,2006,1512,1022,490,629,155,474,46.38
132471,2006,387,255,132,82,24,58,22.75
132602,2006,901,497,404,142,64,78,15.69
132903,2006,6389,3389,3000,2257,754,1503,44.35
133492,2006,544,315,229,308,113,195,61.9
133553,2006,1101,161,940,363,290,73,45.34
133650,2006,1614,925,689,156,36,120,12.97
133669,2006,2193,1208,985,339,115,224,18.54
133711,2006,463,284,179,235,77,158,55.63
133881,2006,597,160,437,222,144,78,48.75
133951,2006,3889,2099,1790,736,243,493,23.49
134079,2006,420,267,153,198,59,139,52.06
134097,2006,6191,3597,2594,3310,1201,2109,58.63
134130,2006,6674,3783,2891,4294,1572,2722,71.95
134945,2006,493,213,280,134,62,72,33.8
135726,2006,2046,1055,991,1421,644,777,73.65
136172,2006,2304,1301,1003,462,131,331,25.44
136950,2006,501,287,214,312,119,193,67.25
137546,2006,565,338,227,317,113,204,60.36
138354,2006,861,495,366,209,65,144,29.09
138716,2006,702,467,235,74,14,60,12.85
138789,2006,757,472,285,63,14,49,10.38
139144,2006,427,302,125,221,56,165,54.64
139366,2006,1054,640,414,139,37,102,15.94
139393,2006,297,166,131,163,62,101,60.84
139658,2006,1648,938,710,1108,477,631,67.27
139719,2006,486,253,233,51,9,42,16.6
139755,2006,2838,890,1948,953,548,405,45.51
139764,2006,399,236,163,52,11,41,17.37
139861,2006,1137,707,430,403,101,302,42.72
139931,2006,2731,1294,1437,617,214,403,31.14
139940,2006,2174,1313,861,439,135,304,23.15
139959,2006,5059,3161,1898,2732,900,1832,57.96
140447,2006,582,300,282,253,98,155,51.67
140960,2006,697,377,320,60,12,48,12.73
140988,2006,311,138,173,104,42,62,44.93
141185,2006,190,104,86,62,18,44,42.31
141264,2006,2015,1195,820,300,78,222,18.58
141334,2006,1694,1002,692,254,67,187,18.66
141486,2006,264,185,79,54,17,37,20
141565,2006,448,267,181,48,9,39,14.61
141574,2006,1679,922,757,293,107,186,20.17
142276,2006,994,525,469,85,23,62,11.81
142285,2006,1582,749,833,369,150,219,29.24
142461,2006,247,128,119,86,37,49,38.28
143084,2006,692,392,300,505,216,289,73.72
143288,2006,177,111,66,63,17,46,41.44
144005,2006,359,254,105,16,2,14,5.51
144281,2006,1972,1025,947,547,247,300,29.27
144740,2006,2531,1428,1103,1280,482,798,55.88
144892,2006,1760,1062,698,583,164,419,39.45
144962,2006,484,296,188,275,100,175,59.12
144971,2006,137,74,63,54,26,28,37.84
145600,2006,2830,1554,1276,878,380,498,32.05
145619,2006,379,189,190,139,57,82,43.39
145637,2006,7152,3518,3634,4881,2256,2625,74.62
145691,2006,293,154,139,148,49,99,64.29
145813,2006,3188,1915,1273,1496,471,1025,53.52
146481,2006,386,224,162,241,96,145,64.73
146612,2006,568,323,245,223,94,129,39.94
146719,2006,2134,1426,708,1104,357,747,52.38
146825,2006,166,86,80,41,14,27,31.4
147013,2006,343,162,181,114,40,74,45.68
147244,2006,475,261,214,214,89,125,47.89
147341,2006,392,215,177,172,64,108,50.23
147703,2006,3260,1641,1619,903,427,476,29.01
147767,2006,2060,1089,971,1768,799,969,88.98
147776,2006,1022,600,422,40,18,22,3.67
147828,2006,751,414,337,332,126,206,49.76
148131,2006,161,88,73,67,27,40,45.45
148496,2006,362,256,106,203,52,151,58.98
148584,2006,181,104,77,62,21,41,39.42
148627,2006,525,370,155,172,47,125,33.78
149222,2006,2278,1005,1273,586,266,320,31.84
149231,2006,1770,1025,745,527,163,364,35.51
149772,2006,1907,909,998,583,303,280,30.8
149781,2006,572,278,294,435,219,216,77.7
150066,2006,447,245,202,206,83,123,50.2
150136,2006,3947,2027,1920,1155,425,730,36.01
150145,2006,303,190,113,136,41,95,50
150163,2006,965,604,361,479,150,329,54.47
150400,2006,595,334,261,442,186,256,76.65
150534,2006,643,379,264,359,139,220,58.05
150668,2006,206,122,84,114,44,70,57.38
150941,2006,250,140,110,126,52,74,52.86
151102,2006,1608,859,749,61,20,41,4.77
151111,2006,2516,1549,967,317,109,208,13.43
151306,2006,2021,1253,768,321,70,251,20.03
151324,2006,1657,827,830,335,125,210,25.39
151333,2006,329,210,119,26,6,20,9.52
151342,2006,772,427,345,31,16,15,3.51
151351,2006,7208,3875,3333,3949,1681,2268,58.53
151360,2006,561,352,209,31,8,23,6.53
151379,2006,727,430,297,63,24,39,9.07
151388,2006,225,135,90,9,3,6,4.44
151777,2006,311,137,174,136,62,74,54.01
151786,2006,277,148,129,108,32,76,51.35
152080,2006,2029,928,1101,1800,962,838,90.3
152248,2006,1036,546,490,52,19,33,6.04
152363,2006,251,111,140,100,49,51,45.95
152530,2006,492,266,226,341,146,195,73.31
152600,2006,760,394,366,469,206,263,66.75
153001,2006,265,133,132,111,51,60,45.11
153108,2006,413,218,195,256,103,153,70.18
153269,2006,779,470,309,429,173,256,54.47
153384,2006,405,206,199,348,166,182,88.35
153603,2006,3933,1780,2153,1525,649,876,49.21
153834,2006,610,350,260,417,180,237,67.71
154095,2006,1684,1010,674,648,200,448,44.36
155089,2006,139,64,75,12,8,4,6.25
155317,2006,4092,2092,2000,1500,607,893,42.69
155335,2006,167,96,71,48,18,30,31.25
155399,2006,3140,1602,1538,832,288,544,33.96
155520,2006,239,118,121,82,36,46,38.98
155627,2006,90,38,52,19,6,13,34.21
155937,2006,197,79,118,40,10,30,37.97
156213,2006,276,161,115,178,67,111,68.94
156286,2006,429,279,150,206,60,146,52.33
156295,2006,388,220,168,185,78,107,48.64
156365,2006,346,182,164,81,32,49,26.92
156541,2006,349,177,172,99,34,65,36.72
156745,2006,363,226,137,185,53,132,58.41
157058,2006,569,277,292,21,6,15,5.42
157076,2006,326,127,199,82,41,41,32.28
157085,2006,4113,2201,1912,1253,443,810,36.8
157289,2006,2380,1230,1150,628,257,371,30.16
157386,2006,1330,741,589,201,65,136,18.35
157401,2006,1390,822,568,391,123,268,32.6
157447,2006,1908,1069,839,230,83,147,13.75
157535,2006,220,105,115,26,4,22,20.95
157951,2006,3118,1768,1350,649,217,432,24.43
158477,2006,241,136,105,104,45,59,43.38
159009,2006,1119,609,510,108,33,75,12.32
159391,2006,4503,2449,2054,1530,584,946,38.63
159647,2006,1625,753,872,426,185,241,32.01
159717,2006,1272,741,531,195,60,135,18.22
159966,2006,1069,650,419,170,44,126,19.38
160038,2006,1324,854,470,214,62,152,17.8
160612,2006,2665,1604,1061,320,93,227,14.15
160621,2006,1136,659,477,132,33,99,15.02
160658,2006,2799,1604,1195,362,108,254,15.84
161004,2006,474,253,221,430,193,237,93.68
161226,2006,511,351,160,209,49,160,45.58
161235,2006,116,67,49,2,1,1,1.49
161244,2006,99,59,40,10,6,4,6.78
161253,2006,1807,875,932,648,296,352,40.23
161554,2006,888,511,377,84,25,59,11.55
162007,2006,765,475,290,83,20,63,13.26
162210,2006,144,84,60,18,5,13,15.48
162283,2006,494,390,104,28,3,25,6.41
162584,2006,1011,459,552,175,65,110,23.97
162654,2006,450,303,147,255,70,185,61.06
162760,2006,278,185,93,137,38,99,53.51
162928,2006,1304,643,661,1127,563,564,87.71
163046,2006,946,596,350,749,263,486,81.54
163268,2006,1419,626,793,523,233,290,46.33
163286,2006,3944,1896,2048,2493,1179,1314,69.3
163453,2006,1368,773,595,165,46,119,15.39
163462,2006,426,244,182,265,97,168,68.85
163851,2006,1028,588,440,502,171,331,56.29
163912,2006,428,249,179,309,118,191,76.71
164076,2006,2688,1697,991,1047,307,740,43.61
164173,2006,643,454,189,315,85,230,50.66
164216,2006,312,179,133,202,80,122,68.16
164270,2006,476,260,216,324,126,198,76.15
164447,2006,282,148,134,81,29,52,35.14
164492,2006,181,105,76,71,24,47,44.76
164562,2006,675,397,278,484,183,301,75.82
165015,2006,764,416,348,656,291,365,87.74
165024,2006,1321,737,584,368,135,233,31.61
165334,2006,563,345,218,425,159,266,77.1
165662,2006,728,409,319,578,254,324,79.22
165671,2006,467,344,123,233,55,178,51.74
165820,2006,728,383,345,172,63,109,28.46
165866,2006,714,496,218,242,57,185,37.3
165936,2006,380,250,130,225,71,154,61.6
166027,2006,1679,878,801,1448,664,784,89.29
166124,2006,751,415,336,675,293,382,92.05
166513,2006,1208,451,757,355,190,165,36.59
166629,2006,4265,2174,2091,2259,1002,1257,57.82
166638,2006,846,484,362,109,29,80,16.53
166683,2006,1001,447,554,837,457,380,85.01
167288,2006,299,175,124,94,33,61,34.86
167987,2006,1763,866,897,559,248,311,35.91
167996,2006,594,363,231,469,173,296,81.54
168005,2006,1286,735,551,520,197,323,43.95
168148,2006,1280,648,632,1120,543,577,89.04
168254,2006,719,259,460,367,211,156,60.23
168281,2006,410,239,171,317,125,192,80.33
168342,2006,533,280,253,484,223,261,93.21
168546,2006,480,260,220,297,118,179,68.85
168786,2006,387,252,135,192,67,125,49.6
169080,2006,1020,551,469,615,268,347,62.98
169798,2006,2272,1315,957,276,97,179,13.61
169910,2006,1895,860,1035,167,82,85,9.88
170082,2006,3556,2276,1280,1116,346,770,33.83
170301,2006,778,461,317,524,189,335,72.67
170532,2006,379,211,168,279,110,169,80.09
170639,2006,454,232,222,58,23,35,15.09
170976,2006,5356,2704,2652,4072,1880,2192,81.07
171100,2006,7306,4103,3203,3800,1448,2352,57.32
171128,2006,1163,283,880,328,221,107,37.81
171137,2006,761,394,367,136,56,80,20.3
171146,2006,483,274,209,46,14,32,11.68
171599,2006,195,73,122,52,28,24,32.88
172051,2006,1434,840,594,123,36,87,10.36
172699,2006,3531,1800,1731,852,359,493,27.39
173160,2006,629,351,278,392,157,235,66.95
173258,2006,504,272,232,458,209,249,91.54
173328,2006,199,108,91,51,19,32,29.63
173647,2006,684,396,288,553,226,327,82.58
173902,2006,501,281,220,429,181,248,88.26
174066,2006,5418,2970,2448,2734,1150,1584,53.33
174233,2006,2283,1105,1178,629,270,359,32.49
174251,2006,377,214,163,179,66,113,52.8
174491,2006,498,302,196,256,89,167,55.3
174792,2006,506,0,506,347,347,0,#NUM!
174844,2006,792,436,356,660,288,372,85.32
174899,2006,493,331,162,283,79,204,61.63
174914,2006,1298,644,654,816,392,424,65.84
175342,2006,545,302,243,79,34,45,14.9
175421,2006,248,133,115,76,31,45,33.83
175616,2006,468,288,180,85,33,52,18.06
175856,2006,889,513,376,191,57,134,26.12
175980,2006,225,122,103,149,63,86,70.49
176017,2006,2521,1320,1201,920,352,568,43.03
176035,2006,256,243,13,53,3,50,20.58
176044,2006,443,216,227,55,14,41,18.98
176080,2006,1897,947,950,575,233,342,36.11
176406,2006,243,172,71,74,15,59,34.3
176628,2006,138,78,60,34,11,23,29.49
176947,2006,207,111,96,81,28,53,47.75
176965,2006,1505,871,634,416,134,282,32.38
177418,2006,187,98,89,30,11,19,19.39
178059,2006,290,237,53,152,26,126,53.16
178341,2006,851,484,367,106,40,66,13.64
178387,2006,936,516,420,102,39,63,12.21
178396,2006,4783,2562,2221,2234,835,1399,54.61
178402,2006,928,545,383,220,86,134,24.59
178411,2006,929,216,713,258,176,82,37.96
178420,2006,476,273,203,106,33,73,26.74
178615,2006,1365,826,539,781,258,523,63.32
179043,2006,396,260,136,237,73,164,63.08
179159,2006,1567,940,627,946,358,588,62.55
179557,2006,1383,853,530,318,92,226,26.49
179566,2006,2732,1622,1110,854,306,548,33.79
179867,2006,1456,714,742,1284,628,656,91.88
179894,2006,418,240,178,198,69,129,53.75
179946,2006,278,139,139,163,73,90,64.75
180179,2006,646,339,307,59,17,42,12.39
180461,2006,1940,814,1126,381,173,208,25.55
180522,2006,193,66,127,12,5,7,10.61
180984,2006,302,153,149,114,43,71,46.41
181002,2006,965,591,374,653,257,396,67.01
181020,2006,247,147,100,149,54,95,64.63
181127,2006,262,111,151,122,57,65,58.56
181215,2006,937,521,416,202,80,122,23.42
181394,2006,1637,864,773,231,95,136,15.74
181446,2006,413,212,201,212,94,118,55.66
181464,2006,3828,1805,2023,1126,503,623,34.52
181534,2006,204,95,109,37,17,20,21.05
181783,2006,606,335,271,166,53,113,33.73
182281,2006,2532,1410,1122,368,130,238,16.88
182290,2006,2358,1300,1058,407,146,261,20.08
182634,2006,220,151,69,95,22,73,48.34
182795,2006,553,260,293,226,103,123,47.31
183062,2006,1139,718,421,559,194,365,50.84
183080,2006,1008,446,562,402,191,211,47.31
183239,2006,568,343,225,410,151,259,75.51
183822,2006,316,183,133,47,18,29,15.85
183974,2006,303,211,92,147,41,106,50.24
184348,2006,479,316,163,315,103,212,67.09
184603,2006,452,254,198,119,37,82,32.28
184612,2006,251,172,79,58,20,38,22.09
184782,2006,1216,602,614,593,271,322,53.49
185129,2006,646,379,267,45,13,32,8.44
185572,2006,959,535,424,425,168,257,48.04
185590,2006,2018,1197,821,702,214,488,40.77
185828,2006,795,146,649,150,102,48,32.88
186131,2006,1228,576,652,1078,561,517,89.76
186201,2006,811,475,336,488,182,306,64.42
186283,2006,1016,619,397,576,206,370,59.77
186584,2006,1054,602,452,574,231,343,56.98
186876,2006,791,425,366,319,123,196,46.12
187134,2006,1270,756,514,919,339,580,76.72
187444,2006,1218,669,549,170,62,108,16.14
187985,2006,2955,1619,1336,356,124,232,14.33
188030,2006,2073,1105,968,286,80,206,18.64
188429,2006,826,587,239,446,108,338,57.58
188641,2006,490,257,233,229,86,143,55.64
190044,2006,646,176,470,354,246,108,61.36
190099,2006,743,417,326,630,278,352,84.41
190150,2006,1353,646,707,1191,604,587,90.87
190248,2006,171,90,81,57,26,31,34.44
190415,2006,3186,1538,1648,2779,1375,1404,91.29
190512,2006,1493,650,843,497,248,249,38.31
190549,2006,1354,766,588,355,120,235,30.68
190558,2006,2072,1124,948,108,41,67,5.96
190567,2006,1529,760,769,114,43,71,9.34
190594,2006,1813,1202,611,349,86,263,21.88
190637,2006,911,674,237,131,24,107,15.88
190664,2006,1627,991,636,418,113,305,30.78
190691,2006,668,428,240,27,10,17,3.97
190725,2006,368,284,84,100,22,78,27.46
191241,2006,1697,929,768,1300,578,722,77.72
191515,2006,501,267,234,424,195,229,85.77
191533,2006,464,270,194,235,88,147,54.44
191630,2006,597,319,278,428,182,246,77.12
191649,2006,1706,865,841,768,335,433,50.06
191676,2006,306,195,111,177,58,119,61.03
191931,2006,903,504,399,506,181,325,64.48
191968,2006,1519,819,700,1059,466,593,72.41
192192,2006,232,147,85,106,44,62,42.18
192323,2006,544,330,214,329,120,209,63.33
192439,2006,1079,730,349,56,14,42,5.75
192703,2006,710,353,357,466,234,232,65.72
192749,2006,507,329,178,274,91,183,55.62
192819,2006,1038,573,465,737,309,428,74.69
192925,2006,320,198,122,87,38,49,24.75
193016,2006,614,390,224,79,22,57,14.62
193292,2006,269,196,73,90,22,68,34.69
193353,2006,400,295,105,162,41,121,41.02
193399,2006,390,294,96,159,37,122,41.5
193584,2006,481,364,117,293,62,231,63.46
193645,2006,821,757,64,133,6,127,16.78
193654,2006,883,622,261,409,110,299,48.07
193900,2006,4704,2895,1809,2879,1141,1738,60.03
193973,2006,705,421,284,437,169,268,63.66
194161,2006,308,178,130,85,30,55,30.9
194310,2006,1131,738,393,441,126,315,42.68
194824,2006,1269,362,907,766,544,222,61.33
195003,2006,2355,675,1680,589,315,274,40.59
195030,2006,1219,561,658,906,467,439,78.25
195164,2006,459,234,225,235,105,130,55.56
195173,2006,474,253,221,137,61,76,30.04
195216,2006,608,325,283,463,210,253,77.85
195234,2006,630,423,207,328,88,240,56.74
195243,2006,323,185,138,113,39,74,40
195304,2006,381,286,95,261,62,199,69.58
195474,2006,688,393,295,478,190,288,73.28
195526,2006,672,388,284,565,231,334,86.08
195544,2006,597,424,173,309,68,241,56.84
195809,2006,3260,1713,1547,1198,494,704,41.1
196413,2006,3045,1686,1359,2099,839,1260,74.73
196592,2006,1479,988,491,60,25,35,3.54
197045,2006,495,277,218,164,62,102,36.82
197133,2006,668,412,256,534,173,361,87.62
197869,2006,2707,1403,1304,1080,402,678,48.33
197984,2006,279,142,137,94,34,60,42.25
198385,2006,461,233,228,410,197,213,91.42
198464,2006,3784,2331,1453,1240,347,893,38.31
198507,2006,534,313,221,90,20,70,22.36
198516,2006,1283,740,543,991,378,613,82.84
198835,2006,347,195,152,117,40,77,39.49
198969,2006,449,135,314,75,31,44,32.59
199102,2006,2068,1102,966,340,81,259,23.5
199111,2006,567,328,239,180,57,123,37.5
199120,2006,3796,2276,1520,2893,1107,1786,78.47
199139,2006,2764,1475,1289,728,280,448,30.37
199148,2006,2400,1698,702,706,128,578,34.04
199157,2006,975,631,344,145,30,115,18.23
199193,2006,4667,2067,2600,1781,761,1020,49.35
199218,2006,1980,1140,840,973,335,638,55.96
199281,2006,929,475,454,148,54,94,19.79
199306,2006,196,85,111,72,38,34,40
199412,2006,235,173,62,104,22,82,47.4
199582,2006,363,146,217,58,23,35,23.97
199643,2006,674,423,251,82,23,59,13.95
199847,2006,1119,576,543,927,432,495,85.94
199962,2006,385,198,187,152,57,95,47.98
199999,2006,976,692,284,144,36,108,15.61
200004,2006,1558,784,774,434,163,271,34.57
200059,2006,333,160,173,50,22,28,17.5
200156,2006,238,129,109,75,21,54,41.86
200217,2006,343,187,156,19,10,9,4.81
200226,2006,137,59,78,29,7,22,37.29
200253,2006,461,263,198,58,13,45,17.11
200280,2006,1868,869,999,438,199,239,27.5
200332,2006,2040,920,1120,486,221,265,28.8
200572,2006,177,70,107,44,20,24,34.29
201104,2006,554,313,241,238,78,160,51.12
201371,2006,241,122,119,119,50,69,56.56
201548,2006,690,410,280,342,130,212,51.71
201645,2006,1015,441,574,636,325,311,70.52
201690,2006,535,266,269,65,21,44,16.54
202134,2006,947,520,427,95,31,64,12.31
202480,2006,1738,864,874,1041,450,591,68.4
202523,2006,573,335,238,481,190,291,86.87
202763,2006,616,441,175,243,58,185,41.95
203085,2006,267,131,136,105,38,67,51.15
203128,2006,298,143,155,174,80,94,65.73
203368,2006,712,385,327,469,205,264,68.57
203517,2006,3610,2214,1396,977,295,682,30.8
203535,2006,457,226,231,397,190,207,91.59
203580,2006,131,89,42,48,13,35,39.33
203775,2006,341,208,133,159,58,101,48.56
203845,2006,385,191,194,206,83,123,64.4
204024,2006,3630,2017,1613,2472,1010,1462,72.48
204185,2006,636,284,352,343,149,194,68.31
204194,2006,346,201,145,160,66,94,46.77
204617,2006,354,177,177,107,51,56,31.64
204796,2006,6262,3104,3158,3295,1373,1922,61.92
204857,2006,4009,2063,1946,1766,693,1073,52.01
206330,2006,238,91,147,61,19,42,46.15
206589,2006,494,242,252,345,163,182,75.21
206604,2006,2178,1211,967,422,155,267,22.05
206622,2006,812,459,353,574,244,330,71.9
206695,2006,2169,1095,1074,187,74,113,10.32
206914,2006,686,402,284,40,16,24,5.97
207209,2006,533,271,262,32,8,24,8.86
207306,2006,243,121,122,29,9,20,16.53
207324,2006,512,260,252,166,76,90,34.62
207388,2006,3132,1658,1474,1068,383,685,41.31
207500,2006,3285,1732,1553,1190,457,733,42.32
207722,2006,208,139,69,58,16,42,30.22
207847,2006,586,313,273,67,26,41,13.1
207865,2006,844,485,359,129,31,98,20.21
208822,2006,415,262,153,223,81,142,54.2
209056,2006,508,318,190,349,129,220,69.18
209065,2006,445,243,202,265,104,161,66.26
209542,2006,2898,1413,1485,872,341,531,37.58
209551,2006,3349,1821,1528,1468,575,893,49.04
209612,2006,360,206,154,194,72,122,59.22
209807,2006,1283,695,588,200,67,133,19.14
209922,2006,371,207,164,222,91,131,63.29
210146,2006,707,401,306,110,31,79,19.7
210401,2006,482,260,222,333,139,194,74.62
210429,2006,750,485,265,150,40,110,22.68
210571,2006,458,233,225,210,87,123,52.79
210669,2006,570,322,248,398,159,239,74.22
210775,2006,300,188,112,114,43,71,37.77
211088,2006,572,452,120,336,72,264,58.41
211158,2006,1630,987,643,696,221,475,48.13
211291,2006,921,458,463,792,383,409,89.3
211352,2006,529,337,192,232,63,169,50.15
211361,2006,1260,685,575,313,124,189,27.59
211431,2006,262,250,12,114,3,111,44.4
211440,2006,1421,552,869,1033,630,403,73.01
211468,2006,254,251,3,124,1,123,49
211556,2006,147,147,0,75,0,75,51.02
211583,2006,214,155,59,78,22,56,36.13
211608,2006,437,238,199,47,15,32,13.45
211644,2006,1295,758,537,323,110,213,28.1
211981,2006,447,264,183,220,68,152,57.58
212009,2006,617,360,257,499,199,300,83.33
212054,2006,2256,930,1326,598,219,379,40.75
212106,2006,1321,779,542,700,268,432,55.46
212115,2006,1239,716,523,454,147,307,42.88
212133,2006,494,336,158,230,70,160,47.62
212160,2006,1212,671,541,230,63,167,24.89
212197,2006,528,345,183,372,125,247,71.59
212577,2006,523,274,249,413,196,217,79.2
212601,2006,600,352,248,280,97,183,51.99
212832,2006,272,202,70,54,19,35,17.33
212911,2006,314,174,140,281,123,158,90.8
213020,2006,2538,1400,1138,726,225,501,35.79
213251,2006,362,195,167,257,111,146,74.87
213321,2006,478,202,276,295,153,142,70.3
213349,2006,1930,1177,753,612,163,449,38.15
213358,2006,259,164,95,92,32,60,36.59
213367,2006,884,512,372,467,180,287,56.05
213385,2006,629,290,339,561,299,262,90.34
213507,2006,447,241,206,300,114,186,77.18
213543,2006,1217,511,706,950,523,427,83.56
213613,2006,1079,608,471,266,106,160,26.32
213668,2006,375,193,182,213,87,126,65.28
213783,2006,603,356,247,172,53,119,33.43
213826,2006,383,278,105,197,42,155,55.76
213996,2006,735,471,264,529,179,350,74.31
214041,2006,1342,792,550,482,154,328,41.41
214069,2006,308,192,116,165,57,108,56.25
214157,2006,375,223,152,268,108,160,71.75
214175,2006,615,376,239,503,185,318,84.57
214272,2006,544,325,219,160,46,114,35.08
214777,2006,8016,3790,4226,5243,2460,2783,73.43
215062,2006,2334,1193,1141,2036,952,1084,90.86
215743,2006,384,234,150,194,66,128,54.7
215798,2006,437,217,220,272,133,139,64.06
215929,2006,980,585,395,740,289,451,77.09
216010,2006,1496,778,718,601,215,386,49.61
216038,2006,1416,832,584,545,185,360,43.27
216287,2006,370,193,177,318,143,175,90.67
216339,2006,3848,2105,1743,1377,578,799,37.96
216524,2006,405,217,188,287,126,161,74.19
216694,2006,322,172,150,174,69,105,61.05
216764,2006,1883,1200,683,803,196,607,50.58
216807,2006,311,180,131,225,87,138,76.67
216852,2006,740,354,386,317,135,182,51.41
216931,2006,570,285,285,279,133,146,51.23
217059,2006,1092,536,556,452,207,245,45.71
217156,2006,1464,740,724,1215,590,625,84.46
217402,2006,1023,585,438,860,351,509,87.01
217536,2006,568,394,174,390,113,277,70.3
217776,2006,150,86,64,61,28,33,38.37
217819,2006,1959,1332,627,1132,315,817,61.34
217882,2006,2755,1363,1392,1575,604,971,71.24
217998,2006,178,100,78,101,34,67,67
218061,2006,795,519,276,142,34,108,20.81
218229,2006,578,379,199,127,29,98,25.86
218238,2006,206,87,119,39,17,22,25.29
218399,2006,249,144,105,39,11,28,19.44
218414,2006,264,116,148,65,24,41,35.34
218663,2006,3646,2084,1562,1932,702,1230,59.02
218724,2006,1466,810,656,420,144,276,34.07
218733,2006,870,458,412,134,49,85,18.56
218742,2006,781,497,284,166,42,124,24.95
218973,2006,377,191,186,299,139,160,83.77
219000,2006,442,282,160,228,64,164,58.16
219046,2006,595,353,242,122,28,94,26.63
219082,2006,295,137,158,41,23,18,13.14
219198,2006,127,92,35,57,14,43,46.74
219259,2006,367,178,189,50,14,36,20.22
219356,2006,1833,922,911,484,173,311,33.73
219471,2006,1109,674,435,237,88,149,22.11
219602,2006,1210,731,479,188,56,132,18.06
219709,2006,763,439,324,422,160,262,59.68
219718,2006,243,94,149,26,13,13,13.83
219949,2006,189,75,114,34,8,26,34.67
220075,2006,1712,966,746,279,106,173,17.91
220215,2006,358,206,152,145,48,97,47.09
220613,2006,810,473,337,270,77,193,40.8
220631,2006,219,135,84,3,0,3,2.22
220710,2006,298,163,135,123,49,74,45.4
221351,2006,451,272,179,363,141,222,81.62
221519,2006,412,202,210,305,150,155,76.73
221731,2006,160,88,72,42,10,32,36.36
221847,2006,1515,653,862,301,127,174,26.65
221892,2006,240,147,93,97,32,65,44.22
222178,2006,961,526,435,394,147,247,46.96
222983,2006,340,175,165,251,113,138,78.86
223232,2006,2775,1713,1062,1550,494,1056,61.65
224004,2006,191,89,102,37,16,21,23.6
224323,2006,315,169,146,189,82,107,63.31
225432,2006,840,452,388,12,7,5,1.11
225548,2006,318,130,188,109,46,63,48.46
225627,2006,613,439,174,119,23,96,21.87
226231,2006,309,88,221,130,75,55,62.5
226833,2006,657,355,302,108,33,75,21.13
227216,2006,3599,2039,1560,784,252,532,26.09
227331,2006,262,195,67,27,6,21,10.77
227526,2006,1231,689,542,121,28,93,13.5
227757,2006,713,357,356,597,282,315,88.24
227845,2006,698,423,275,372,144,228,53.9
227863,2006,291,187,104,93,26,67,35.83
228042,2006,243,128,115,57,20,37,28.91
228149,2006,548,347,201,187,39,148,42.65
228246,2006,1369,753,616,937,377,560,74.37
228343,2006,345,221,124,231,74,157,71.04
228431,2006,2305,1420,885,538,132,406,28.59
228459,2006,2975,1746,1229,815,250,565,32.36
228501,2006,192,73,119,22,8,14,19.18
228529,2006,1256,667,589,230,94,136,20.39
228705,2006,731,297,434,95,32,63,21.21
228723,2006,7472,3774,3698,3636,1358,2278,60.36
228769,2006,1974,984,990,340,124,216,21.95
228778,2006,7369,4008,3361,3731,1482,2249,56.11
228787,2006,1053,394,659,470,252,218,55.33
228796,2006,2446,1256,1190,269,95,174,13.85
228875,2006,1654,985,669,950,328,622,63.15
228981,2006,387,197,190,105,39,66,33.5
229018,2006,315,178,137,55,18,37,20.79
229027,2006,4687,2389,2298,424,155,269,11.26
229115,2006,3862,1844,2018,1427,601,826,44.79
229780,2006,211,103,108,46,21,25,24.27
229814,2006,920,489,431,223,73,150,30.67
230603,2006,832,594,238,164,23,141,23.74
230728,2006,2429,1574,855,498,102,396,25.16
230764,2006,2037,1167,870,457,149,308,26.39
230782,2006,1289,755,534,114,28,86,11.39
231059,2006,576,333,243,446,192,254,76.28
231174,2006,2175,1251,924,1417,551,866,69.22
231420,2006,160,60,100,45,19,26,43.33
231554,2006,106,59,47,19,5,14,23.73
231624,2006,1341,693,648,1107,497,610,88.02
231712,2006,1172,644,528,594,203,391,60.71
232025,2006,267,115,152,84,36,48,41.74
232043,2006,205,119,86,93,31,62,52.1
232089,2006,417,156,261,126,65,61,39.1
232186,2006,2390,1335,1055,992,355,637,47.72
232265,2006,1098,700,398,447,119,328,46.86
232423,2006,3745,2431,1314,2357,713,1644,67.63
232557,2006,2028,1022,1006,489,209,280,27.4
232566,2006,985,627,358,411,111,300,47.85
232609,2006,552,305,247,259,88,171,56.07
232681,2006,909,614,295,625,180,445,72.48
232706,2006,365,268,97,136,28,108,40.3
232937,2006,1023,638,385,130,34,96,15.05
232982,2006,2059,1108,951,507,159,348,31.41
233277,2006,1730,1045,685,730,252,478,45.74
233374,2006,757,387,370,585,267,318,82.17
233426,2006,503,296,207,285,104,181,61.15
233541,2006,304,157,147,75,29,46,29.3
233897,2006,401,187,214,98,45,53,28.34
233921,2006,5078,2273,2805,2953,1367,1586,69.78
234030,2006,3445,1986,1459,1018,346,672,33.84
234085,2006,387,34,353,216,200,16,47.06
234155,2006,869,540,329,209,54,155,28.7
234164,2006,325,160,165,58,13,45,28.12
235097,2006,1412,855,557,280,84,196,22.92
235167,2006,577,300,277,227,103,124,41.33
236230,2006,668,418,250,401,142,259,61.96
236328,2006,677,406,271,464,173,291,71.67
236577,2006,622,413,209,350,111,239,57.87
236595,2006,731,463,268,455,165,290,62.63
236896,2006,323,164,159,62,28,34,20.73
236939,2006,2676,1349,1327,1040,417,623,46.18
236948,2006,5284,2800,2484,2939,1245,1694,60.5
237011,2006,2425,1397,1028,850,293,557,39.87
237057,2006,367,219,148,294,109,185,84.47
237066,2006,469,285,184,303,115,188,65.96
237215,2006,253,134,119,28,19,9,6.72
237330,2006,593,306,287,102,37,65,21.24
237358,2006,119,65,54,30,14,16,24.62
237367,2006,642,345,297,84,35,49,14.2
237792,2006,688,395,293,135,40,95,24.05
237899,2006,341,170,171,24,8,16,9.41
237932,2006,476,269,207,84,28,56,20.82
237969,2006,291,167,124,117,39,78,46.71
238032,2006,4777,2151,2626,1596,746,850,39.52
238333,2006,347,207,140,243,94,149,71.98
238430,2006,245,168,77,19,6,13,7.74
238458,2006,675,485,190,284,58,226,46.6
238476,2006,653,368,285,337,136,201,54.62
238616,2006,391,214,177,135,53,82,38.32
238661,2006,293,220,73,101,21,80,36.36
239080,2006,245,172,73,61,15,46,26.74
239105,2006,1842,1025,817,1096,445,651,63.51
239628,2006,264,154,110,153,57,96,62.34
239716,2006,551,305,246,356,140,216,70.82
240107,2006,308,223,85,100,21,79,35.43
240189,2006,1780,836,944,533,233,300,35.89
240277,2006,1019,667,352,226,63,163,24.44
240329,2006,1751,1098,653,633,190,443,40.35
240338,2006,198,116,82,81,31,50,43.1
240365,2006,1726,1024,702,272,83,189,18.46
240374,2006,814,442,372,60,18,42,9.5
240417,2006,1507,792,715,275,90,185,23.36
240426,2006,293,143,150,53,26,27,18.88
240444,2006,5633,3033,2600,2965,1202,1763,58.13
240453,2006,3977,2064,1913,554,247,307,14.87
240462,2006,1387,467,920,259,145,114,24.41
240471,2006,1289,773,516,281,77,204,26.39
240480,2006,1640,888,752,395,153,242,27.25
240727,2006,1543,761,782,359,118,241,31.67
243443,2006,764,532,232,66,13,53,9.96
243780,2006,7430,3019,4411,2764,1350,1414,46.84